[gd_scene load_steps=14 format=3 uid="uid://dgejo472wkhyh"]

[ext_resource type="Texture2D" uid="uid://btgc6l7y2tgpj" path="res://PATTERNS/PATTERN NAME - Ritu/Screenshot 2024-03-26 032337.png" id="1_17eoa"]
[ext_resource type="PackedScene" uid="uid://dopreygce8ruf" path="res://PATTERNS/PATTERN NAME - Ritu/navigation_npc.tscn" id="1_xomkg"]

[sub_resource type="NavigationMesh" id="NavigationMesh_na2nf"]
vertices = PackedVector3Array(-4.5, 0.5, 4.5, -2.25, 0.5, 4.5, -3.5, 0.5, 3.25, -3, 0.5, 1, -2, 0.5, 1, -2.25, 0.5, -0.75, -0.25, 0.5, -1.5, -1, 0.5, -1, 1.5, 0.5, -0.75, -3, 0.5, 1, -2.25, 0.5, -0.75, -3.5, 0.5, -1, -3.75, 0.5, 1.75, 1.5, 0.5, -0.75, 1.25, 0.5, 2, 2.5, 0.5, 1.25, 3.75, 0.5, -0.75, 1.5, 0.5, -0.75, 2.5, 0.5, 1.25, 3.75, 0.5, 1.25, -3.75, 0.5, 1.75, -3.5, 0.5, -1, -3.75, 0.5, -2.5, -4.5, 0.5, -4.5, -4.5, 0.5, 4.5, -0.25, 0.5, -2.75, -0.25, 0.5, -1.5, 1.5, 0.5, -0.75, 1.5, 0.5, -3.5, -3.75, 0.5, -2.5, -2, 0.5, -3.5, -4.5, 0.5, -4.5, -0.75, 0.5, -3.5, -0.25, 0.5, -2.75, 1.5, 0.5, -3.5, 1.5, 0.5, -3.5, 3.5, 0.5, -3.75, 4.5, 0.5, -4.5, -4.5, 0.5, -4.5, -0.75, 0.5, -3.5, -4.5, 0.5, 4.5, -3.5, 0.5, 3.25, -3.75, 0.5, 1.75, 3.75, 0.5, -0.75, 3.75, 0.5, 1.25, 4.5, 0.5, 2.25, 3.75, 0.5, -0.75, 4.5, 0.5, 2.25, 4.5, 0.5, -4.5, 3.5, 0.5, -3.75, -2, 0.5, -3.5, -0.75, 0.5, -3.5, -4.5, 0.5, -4.5, -2, 0.5, 1, -1, 0.5, 2, -1, 0.5, 1, 4.5, 0.5, 4.5, 4.5, 0.5, 3, 2.5, 0.5, 4.25, 1, 0.5, 2.25, -0.75, 0.5, 2, -0.5, 0.5, 3.75, 1.5, 0.5, 4.25, -1.5, 0.5, 4.25, 4.5, 0.5, 4.5, 1.5, 0.5, 4.25, 1.5, 0.5, 4.25, -0.5, 0.5, 3.75, -1.5, 0.5, 4.25, 4.5, 0.5, 4.5, 2.5, 0.5, 4.25, 1.5, 0.5, 4.25)
polygons = [PackedInt32Array(2, 1, 0), PackedInt32Array(5, 4, 3), PackedInt32Array(7, 6, 8), PackedInt32Array(10, 9, 11), PackedInt32Array(11, 9, 12), PackedInt32Array(15, 14, 13), PackedInt32Array(19, 18, 16), PackedInt32Array(16, 18, 17), PackedInt32Array(22, 21, 23), PackedInt32Array(23, 21, 20), PackedInt32Array(23, 20, 24), PackedInt32Array(25, 28, 26), PackedInt32Array(26, 28, 27), PackedInt32Array(31, 30, 29), PackedInt32Array(34, 33, 32), PackedInt32Array(36, 35, 37), PackedInt32Array(37, 35, 39), PackedInt32Array(37, 39, 38), PackedInt32Array(42, 41, 40), PackedInt32Array(45, 44, 43), PackedInt32Array(49, 48, 46), PackedInt32Array(46, 48, 47), PackedInt32Array(51, 50, 52), PackedInt32Array(55, 54, 53), PackedInt32Array(58, 57, 56), PackedInt32Array(60, 59, 61), PackedInt32Array(61, 59, 62), PackedInt32Array(65, 64, 63), PackedInt32Array(68, 67, 66), PackedInt32Array(69, 71, 70)]
cell_height = 2.0

[sub_resource type="ProceduralSkyMaterial" id="ProceduralSkyMaterial_kjsfo"]
sky_top_color = Color(0.294118, 0.662745, 0.901961, 1)
sky_horizon_color = Color(0.606863, 0.764706, 0.880392, 1)
sky_energy_multiplier = 2.1
ground_bottom_color = Color(0.133333, 0.396078, 0.619608, 1)
ground_horizon_color = Color(0.606863, 0.764706, 0.880392, 1)

[sub_resource type="Sky" id="Sky_gk2pu"]
sky_material = SubResource("ProceduralSkyMaterial_kjsfo")

[sub_resource type="Environment" id="Environment_al67y"]
background_mode = 2
sky = SubResource("Sky_gk2pu")
tonemap_mode = 2

[sub_resource type="StandardMaterial3D" id="StandardMaterial3D_x28s7"]
albedo_texture = ExtResource("1_17eoa")

[sub_resource type="StandardMaterial3D" id="StandardMaterial3D_xso1h"]
albedo_color = Color(1, 0.623529, 1, 1)

[sub_resource type="StandardMaterial3D" id="StandardMaterial3D_ylhey"]
albedo_color = Color(0.992157, 0.278431, 0.580392, 1)

[sub_resource type="StandardMaterial3D" id="StandardMaterial3D_x0rce"]
albedo_color = Color(0.992157, 0.278431, 0.580392, 1)

[sub_resource type="StandardMaterial3D" id="StandardMaterial3D_3bop8"]
albedo_color = Color(0.992157, 0.278431, 0.580392, 1)

[sub_resource type="StandardMaterial3D" id="StandardMaterial3D_yokl8"]
albedo_color = Color(0.992157, 0.278431, 0.580392, 1)

[sub_resource type="StandardMaterial3D" id="StandardMaterial3D_gy6l4"]
albedo_color = Color(0.992157, 0.278431, 0.580392, 1)

[node name="NavigationRegion3D" type="NavigationRegion3D"]
navigation_mesh = SubResource("NavigationMesh_na2nf")

[node name="TextEdit" type="TextEdit" parent="."]
offset_left = -2.0
offset_top = -4.0
offset_right = 798.0
offset_bottom = 33.0
text = "Look at these lovebirds! See how many times they get together and break up by clicking the space bar!"
editable = false
deselect_on_focus_loss_enabled = false
virtual_keyboard_enabled = false
middle_mouse_paste_enabled = false

[node name="DirectionalLight3D" type="DirectionalLight3D" parent="."]
transform = Transform3D(-0.832882, -0.27945, 0.477719, 0.237284, 0.599507, 0.764387, -0.500003, 0.749999, -0.43301, 2.24647, 6.97479, -0.652274)
light_color = Color(0.823529, 0.917647, 0.870588, 1)
light_indirect_energy = 1.516
shadow_enabled = true

[node name="WorldEnvironment" type="WorldEnvironment" parent="."]
environment = SubResource("Environment_al67y")

[node name="CSGBox3D" type="CSGBox3D" parent="."]
transform = Transform3D(1, -1.86265e-09, 0, -1.86265e-09, 1, -2.79397e-09, 0, 8.3819e-09, 1, -1.90735e-06, -0.5, 9.53674e-07)
material_override = SubResource("StandardMaterial3D_x28s7")
use_collision = true
size = Vector3(10, 1, 10)
material = SubResource("StandardMaterial3D_xso1h")

[node name="soulmate1" parent="." instance=ExtResource("1_xomkg")]
transform = Transform3D(1, 0, 0, 0, 1, 0, 0, 0, 1, -1.21893, 3.43412, 2.38419e-07)

[node name="soulmate2" parent="." instance=ExtResource("1_xomkg")]
transform = Transform3D(1, 0, 0, 0, 1, 0, 0, 0, 1, 1.089, 3.077, -3.202)

[node name="Camera3D" type="Camera3D" parent="."]
transform = Transform3D(1, 0, 0, 0, 0.80367, 0.595075, 0, -0.595075, 0.80367, 0, 7.31873, 7.63358)

[node name="CSGBox3D2" type="CSGBox3D" parent="."]
transform = Transform3D(0.616486, 1.86265e-09, -0.787366, -1.49012e-07, 1, 5.58794e-08, 0.787366, 5.86733e-08, 0.616486, -2.16247, 0.500001, 2.7288)
use_collision = true
size = Vector3(2, 1, 1)
material = SubResource("StandardMaterial3D_ylhey")

[node name="CSGBox3D3" type="CSGBox3D" parent="."]
transform = Transform3D(0.0662042, -1.86265e-09, 0.997806, 3.72529e-08, 1, 1.86265e-09, -0.997806, 8.3819e-09, 0.0662042, 0.197302, 0.5, 0.709032)
use_collision = true
size = Vector3(2, 1, 1)
material = SubResource("StandardMaterial3D_x0rce")

[node name="CSGBox3D4" type="CSGBox3D" parent="."]
transform = Transform3D(0.0498435, 0, -0.998757, 0, 1, 0, 0.998757, 0, 0.0498435, 2.64523, 0.5, -2.1374)
use_collision = true
size = Vector3(2, 1, 1)
material = SubResource("StandardMaterial3D_3bop8")

[node name="CSGBox3D5" type="CSGBox3D" parent="."]
transform = Transform3D(-0.903769, 0, -0.428021, 0, 1, 0, 0.428021, 0, -0.903769, 2.67566, 0.5, 2.63283)
use_collision = true
size = Vector3(2, 1, 1)
material = SubResource("StandardMaterial3D_yokl8")

[node name="CSGBox3D6" type="CSGBox3D" parent="."]
transform = Transform3D(-0.927216, 3.72529e-09, -0.374526, -1.86265e-09, 1, -1.02445e-08, 0.374526, 1.58325e-08, -0.927216, -1.93225, 0.410017, -2.11025)
use_collision = true
size = Vector3(2, 1, 1)
material = SubResource("StandardMaterial3D_gy6l4")
