[gd_scene load_steps=20 format=3 uid="uid://dgejo472wkhyh"]

[ext_resource type="Texture2D" uid="uid://btgc6l7y2tgpj" path="res://PATTERNS/PATTERN NAME - Ritu/Screenshot 2024-03-26 032337.png" id="1_17eoa"]
[ext_resource type="PackedScene" uid="uid://dopreygce8ruf" path="res://PATTERNS/PATTERN NAME - Ritu/navigation_npc.tscn" id="1_xomkg"]
[ext_resource type="PackedScene" uid="uid://cf1314vkwgdby" path="res://Components/xr_basics_with_hands.tscn" id="3_w5jhq"]

[sub_resource type="NavigationMesh" id="NavigationMesh_yj6ny"]
vertices = PackedVector3Array(-4.00916, 0.5, 3.98943, 1.74084, 0.5, 3.98943, 1.49084, 0.5, 2.48943, 1.49084, 0.5, 2.48943, 3.74084, 0.5, 1.48943, 3.74084, 0.5, -4.01057, -4.00916, 0.5, -4.01057, -4.00916, 0.5, 3.98943)
polygons = [PackedInt32Array(2, 1, 0), PackedInt32Array(4, 3, 5), PackedInt32Array(5, 3, 6), PackedInt32Array(6, 3, 7)]

[sub_resource type="ProceduralSkyMaterial" id="ProceduralSkyMaterial_kjsfo"]
sky_top_color = Color(0.294118, 0.662745, 0.901961, 1)
sky_horizon_color = Color(0.606863, 0.764706, 0.880392, 1)
sky_energy_multiplier = 2.1
ground_bottom_color = Color(0.133333, 0.396078, 0.619608, 1)
ground_horizon_color = Color(0.606863, 0.764706, 0.880392, 1)

[sub_resource type="Sky" id="Sky_gk2pu"]
sky_material = SubResource("ProceduralSkyMaterial_kjsfo")

[sub_resource type="Environment" id="Environment_al67y"]
background_mode = 2
sky = SubResource("Sky_gk2pu")
tonemap_mode = 2

[sub_resource type="StandardMaterial3D" id="StandardMaterial3D_x28s7"]
albedo_texture = ExtResource("1_17eoa")

[sub_resource type="StandardMaterial3D" id="StandardMaterial3D_xso1h"]
albedo_color = Color(1, 0.623529, 1, 1)

[sub_resource type="StandardMaterial3D" id="StandardMaterial3D_ylhey"]
albedo_color = Color(0.992157, 0.278431, 0.580392, 1)

[sub_resource type="StandardMaterial3D" id="StandardMaterial3D_x0rce"]
albedo_color = Color(0.992157, 0.278431, 0.580392, 1)

[sub_resource type="StandardMaterial3D" id="StandardMaterial3D_3bop8"]
albedo_color = Color(0.992157, 0.278431, 0.580392, 1)

[sub_resource type="StandardMaterial3D" id="StandardMaterial3D_yokl8"]
albedo_color = Color(0.992157, 0.278431, 0.580392, 1)

[sub_resource type="StandardMaterial3D" id="StandardMaterial3D_gy6l4"]
albedo_color = Color(0.992157, 0.278431, 0.580392, 1)

[sub_resource type="StandardMaterial3D" id="StandardMaterial3D_cqdaj"]
albedo_color = Color(0.764706, 0.298039, 0.658824, 1)

[sub_resource type="StandardMaterial3D" id="StandardMaterial3D_p31dl"]
albedo_color = Color(0.764706, 0.298039, 0.658824, 1)

[sub_resource type="StandardMaterial3D" id="StandardMaterial3D_t13gt"]
albedo_color = Color(0.764706, 0.298039, 0.658824, 1)

[sub_resource type="StandardMaterial3D" id="StandardMaterial3D_yilbw"]
albedo_color = Color(0.764706, 0.298039, 0.658824, 1)

[sub_resource type="BoxShape3D" id="BoxShape3D_87wme"]
size = Vector3(1.96692, 0.671814, 1)

[node name="NavigationRegion3D" type="NavigationRegion3D"]
navigation_mesh = SubResource("NavigationMesh_yj6ny")

[node name="DirectionalLight3D" type="DirectionalLight3D" parent="."]
transform = Transform3D(-0.866308, -0.3676, 0.338203, 0.126021, 0.494323, 0.860095, -0.483352, 0.787728, -0.38191, 2.24647, 6.97479, -0.652274)
light_color = Color(0.854902, 0.92549, 0.141176, 1)
light_indirect_energy = 1.516
shadow_enabled = true

[node name="WorldEnvironment" type="WorldEnvironment" parent="."]
environment = SubResource("Environment_al67y")

[node name="HEART GROUND" type="CSGBox3D" parent="."]
transform = Transform3D(1, -1.86265e-09, 0, -1.86265e-09, 1, -2.79397e-09, 0, 8.3819e-09, 1, -1.90735e-06, -0.5, 9.53674e-07)
material_override = SubResource("StandardMaterial3D_x28s7")
use_collision = true
size = Vector3(10, 1, 10)
material = SubResource("StandardMaterial3D_xso1h")

[node name="LOVEBIRD 1" parent="." instance=ExtResource("1_xomkg")]
transform = Transform3D(1, 0, 0, 0, 1, 0, 0, 0, 1, -1.219, 1, 0)

[node name="LOVEBIRD 2" parent="." instance=ExtResource("1_xomkg")]
transform = Transform3D(1, 0, 0, 0, 1, 0, 0, 0, 1, 1.089, 1, -3.202)

[node name="OBSTACLES" type="Node3D" parent="."]

[node name="CSGBox3D2" type="CSGBox3D" parent="OBSTACLES"]
transform = Transform3D(-0.846872, -5.85516e-08, -0.531797, -1.49012e-07, 1, 5.58794e-08, 0.531797, -4.2121e-09, -0.846872, -2.47053, 0.17212, 2.9939)
use_collision = true
size = Vector3(2.74707, 0.344238, 1)
material = SubResource("StandardMaterial3D_ylhey")

[node name="CSGBox3D3" type="CSGBox3D" parent="OBSTACLES"]
transform = Transform3D(0.0662041, -1.86265e-09, 0.997806, 3.72529e-08, 1, 1.86263e-09, -0.997806, 8.3819e-09, 0.0662041, 0.673607, 0.209473, -0.538233)
use_collision = true
size = Vector3(2.68359, 0.418945, 1)
material = SubResource("StandardMaterial3D_x0rce")

[node name="CSGBox3D4" type="CSGBox3D" parent="OBSTACLES"]
transform = Transform3D(0.0498435, 0, -0.998757, -1.77636e-15, 1, 0, 0.998757, 0, 0.0498435, 2.64523, 0.23584, -2.1374)
use_collision = true
size = Vector3(2, 0.47168, 1)
material = SubResource("StandardMaterial3D_3bop8")

[node name="CSGBox3D5" type="CSGBox3D" parent="OBSTACLES"]
transform = Transform3D(-0.903769, 0, -0.428021, 6.66134e-16, 1, 0, 0.428021, 0, -0.903769, 3.187, 0.269958, 2.97872)
use_collision = true
size = Vector3(2, 0.539917, 1)
material = SubResource("StandardMaterial3D_yokl8")

[node name="CSGBox3D6" type="CSGBox3D" parent="OBSTACLES"]
transform = Transform3D(-0.927216, 3.72529e-09, -0.374526, -1.86265e-09, 1, -1.02445e-08, 0.374526, 1.58325e-08, -0.927216, -1.93225, 0.165388, -2.11025)
use_collision = true
size = Vector3(2, 0.510742, 1)
material = SubResource("StandardMaterial3D_gy6l4")

[node name="GROUNDBORDER" type="Node3D" parent="."]

[node name="CSGBox3D" type="CSGBox3D" parent="GROUNDBORDER"]
transform = Transform3D(1, 0, 0, 0, 1, 0, 0, 0, 1, -0.013092, 0, -4.76752)
size = Vector3(9.99213, 1, 0.486084)
material = SubResource("StandardMaterial3D_cqdaj")

[node name="CSGBox3D2" type="CSGBox3D" parent="GROUNDBORDER"]
transform = Transform3D(1, 0, 0, 0, 1, 0, 0, 0, 1, -0.013092, 0, 4.76032)
size = Vector3(9.99213, 1, 0.486084)
material = SubResource("StandardMaterial3D_p31dl")

[node name="CSGBox3D3" type="CSGBox3D" parent="GROUNDBORDER"]
transform = Transform3D(-4.37114e-08, 0, 1, 0, 1, 0, -1, 0, -4.37114e-08, 4.72786, 0, 0.0193772)
size = Vector3(9.07909, 1, 0.486084)
material = SubResource("StandardMaterial3D_t13gt")

[node name="CSGBox3D4" type="CSGBox3D" parent="GROUNDBORDER"]
transform = Transform3D(-4.37114e-08, 0, 1, 0, 1, 0, -1, 0, -4.37114e-08, -4.75405, 0, 0.0193772)
size = Vector3(9.07909, 1, 0.486084)
material = SubResource("StandardMaterial3D_yilbw")

[node name="Label3D" type="Label3D" parent="."]
transform = Transform3D(0.5, 0, 0, 0, 0.5, 0, 0, 0, 0.5, 0, 2.4612, 3.62407)
modulate = Color(1, 0.384314, 0.458824, 1)
text = "Look at these lovebirds! See how many times they get together and break up by tapping here!"
autowrap_mode = 2

[node name="Area3D" type="Area3D" parent="Label3D"]

[node name="CollisionShape3D" type="CollisionShape3D" parent="Label3D/Area3D"]
transform = Transform3D(1, 0, 0, 0, 1, 0, 0, 0, 1, -0.0477905, -0.0196228, 0)
shape = SubResource("BoxShape3D_87wme")

[node name="XROrigin3D" parent="." instance=ExtResource("3_w5jhq")]
transform = Transform3D(1, 0, 0, 0, 1, 0, 0, 0, 1, 0, 0.757928, 5.16764)

[connection signal="child_entered_tree" from="WorldEnvironment" to="LOVEBIRD 1" method="_on_world_environment_child_entered_tree"]
[connection signal="area_entered" from="Label3D/Area3D" to="LOVEBIRD 1" method="_on_area_3d_area_entered"]
[connection signal="area_entered" from="Label3D/Area3D" to="LOVEBIRD 2" method="_on_area_3d_area_entered"]
